1,0,3,2,5,4,7,6,8,id
0.0778,0.0338679,0.0751365,0.135247,0.227862,0.0541783,0.0478537,0.216771,0.131284,100320.jpg
0.0774111,0.0388402,0.0747505,0.139324,0.222879,0.0563561,0.0509458,0.203592,0.135902,100582.jpg
0.05123,0.0143895,0.0528044,0.141353,0.285264,0.0330514,0.0267945,0.26866,0.126453,101016.jpg
0.0825473,0.0392902,0.0820224,0.136548,0.216812,0.0583006,0.0467385,0.202927,0.134814,101117.jpg
0.0582265,0.0144184,0.0537732,0.143536,0.270478,0.0354262,0.0291269,0.280033,0.114982,101203.jpg
0.0808715,0.0463317,0.0838811,0.138381,0.202177,0.062135,0.055574,0.189965,0.140684,101330.jpg
0.0865849,0.0449641,0.0857984,0.140507,0.194301,0.0675498,0.0614244,0.192294,0.126575,101457.jpg
0.0934621,0.0556113,0.0891191,0.13366,0.17586,0.0754815,0.0714983,0.178578,0.126729,101777.jpg
0.0969627,0.0658251,0.0949221,0.129036,0.168479,0.0820554,0.0764401,0.161897,0.124383,102089.jpg
0.0835935,0.0428699,0.0886955,0.131124,0.202257,0.0636993,0.0547891,0.197751,0.135221,102437.jpg
0.0806959,0.0390989,0.0809277,0.134771,0.212598,0.0583463,0.0525923,0.205283,0.135687,10248.jpg
0.0765548,0.0269084,0.0740571,0.139487,0.230723,0.0513932,0.0419436,0.238815,0.120118,102593.jpg
0.0783084,0.0436209,0.0877083,0.133017,0.203764,0.0600245,0.0536126,0.197161,0.142783,102794.jpg
0.0720149,0.0288848,0.0712635,0.143981,0.230471,0.0466017,0.0418535,0.231487,0.133442,102807.jpg
0.0759003,0.0232472,0.0645674,0.143656,0.239865,0.0460815,0.0423847,0.24782,0.116478,103022.jpg
0.0698449,0.0223283,0.0645154,0.137136,0.255491,0.0432215,0.0367829,0.245005,0.125675,103568.jpg
0.0795492,0.0389923,0.0773322,0.135408,0.220007,0.0563141,0.0509403,0.204083,0.137374,103587.jpg
0.0799038,0.0330727,0.0748343,0.139027,0.222151,0.0555831,0.0486369,0.221367,0.125425,103797.jpg
0.0739442,0.0337696,0.0793869,0.136477,0.221986,0.0549537,0.047835,0.215132,0.136516,103920.jpg
0.0648495,0.0189322,0.0584005,0.137379,0.254776,0.0398774,0.0341755,0.269413,0.122197,103969.jpg
0.0789747,0.0354731,0.0749055,0.140971,0.213098,0.0559511,0.0502156,0.214634,0.135777,104073.jpg
0.0770303,0.0405824,0.0801283,0.139197,0.207293,0.0575256,0.0535849,0.206198,0.13846,104175.jpg
0.0770596,0.0263139,0.0660303,0.141877,0.237019,0.0489468,0.0442039,0.238896,0.119653,104460.jpg
0.0961872,0.0460158,0.0825662,0.139455,0.187822,0.0728146,0.067798,0.191244,0.116097,104696.jpg
0.0839412,0.0527217,0.0888427,0.137123,0.185907,0.0692145,0.0619306,0.183979,0.136341,104917.jpg
0.0749145,0.0331402,0.0769611,0.143184,0.220204,0.054126,0.0479029,0.218909,0.130659,105156.jpg
0.0791326,0.0468333,0.0859503,0.13763,0.19551,0.0619383,0.0561332,0.195775,0.141097,105335.jpg
0.0725759,0.0184751,0.060849,0.13382,0.272571,0.0427138,0.02999,0.25127,0.117736,105439.jpg
0.0879866,0.0385481,0.0824323,0.136655,0.21124,0.0641292,0.0546062,0.200142,0.124261,105787.jpg
0.102764,0.0864914,0.106279,0.121674,0.138645,0.0957029,0.0891495,0.138262,0.121032,105965.jpg
0.0700349,0.0214184,0.0608325,0.140973,0.256535,0.0435852,0.0387433,0.250744,0.117134,106007.jpg
0.0930522,0.0545818,0.0924975,0.133064,0.182524,0.0726707,0.0646988,0.175384,0.131528,106313.jpg
0.076916,0.0322742,0.0748287,0.140113,0.222237,0.053891,0.0452671,0.223032,0.131441,106328.jpg
0.0730033,0.0284392,0.0694965,0.137816,0.235774,0.0490173,0.0436765,0.234785,0.127992,106331.jpg
0.0772402,0.0444564,0.0832254,0.141296,0.204882,0.0570783,0.0494006,0.200713,0.141708,106382.jpg
0.0732538,0.0242009,0.0740534,0.139738,0.239588,0.0464382,0.0361152,0.236465,0.130148,106413.jpg
0.0559064,0.0176317,0.0595868,0.140945,0.274722,0.0361931,0.0274749,0.257074,0.130465,106595.jpg
0.0649771,0.0239454,0.0703489,0.143182,0.248141,0.0412735,0.0358517,0.24092,0.131361,10673.jpg
0.101971,0.0348149,0.0797322,0.132321,0.21518,0.0682569,0.0553918,0.204472,0.107861,10675.jpg
0.0778972,0.0215481,0.0600295,0.142213,0.245594,0.0493651,0.0434319,0.248329,0.111591,107113.jpg
0.0616288,0.0203206,0.0578429,0.138412,0.267785,0.0396669,0.035873,0.251416,0.127055,107123.jpg
0.0869686,0.0616495,0.0906484,0.131953,0.181505,0.0737706,0.0673243,0.166949,0.139232,107825.jpg
0.0842805,0.0459743,0.0856936,0.137319,0.194328,0.0676883,0.05746,0.191424,0.135832,107992.jpg
0.0780157,0.0340917,0.0748866,0.138706,0.225072,0.0555249,0.0496519,0.216173,0.127878,108504.jpg
0.0641339,0.0219017,0.0640676,0.141515,0.25106,0.0439228,0.0384463,0.247078,0.127875,108786.jpg
0.0745386,0.0334941,0.0763537,0.141229,0.220543,0.0538645,0.0459721,0.220126,0.133879,108807.jpg
0.0714793,0.0271472,0.0710199,0.133663,0.241604,0.0501873,0.0407468,0.234554,0.129599,109048.jpg
0.0693823,0.0301818,0.0707515,0.135053,0.238078,0.0466153,0.0430406,0.22257,0.144328,109992.jpg
0.0851961,0.0406933,0.0913599,0.129659,0.211641,0.0614247,0.0426197,0.200551,0.136855,11051.jpg
0.073927,0.0327504,0.0763492,0.13872,0.224212,0.0511832,0.0422026,0.221685,0.13897,110511.jpg
0.0668268,0.0237963,0.0659193,0.141733,0.243641,0.0444303,0.0380963,0.247171,0.128386,110527.jpg
0.0749471,0.028184,0.0718754,0.139729,0.227862,0.0508803,0.0446612,0.235087,0.126773,11054.jpg
0.0804798,0.0328204,0.0751303,0.13874,0.224311,0.0553456,0.044885,0.217942,0.130346,110609.jpg
0.0594495,0.0204512,0.0616059,0.143188,0.259646,0.0385396,0.0325233,0.251107,0.13349,11078.jpg
0.0633934,0.0241785,0.0652334,0.142814,0.24201,0.0431414,0.0376046,0.246443,0.135182,110893.jpg
0.0811595,0.0455443,0.0932231,0.132381,0.194592,0.0639514,0.054784,0.195434,0.138932,111172.jpg
0.0780811,0.0308268,0.072906,0.142161,0.2204,0.0566879,0.0486753,0.225166,0.125097,111515.jpg
0.0939932,0.0645846,0.100941,0.128415,0.174252,0.0762336,0.0590496,0.161107,0.141424,111545.jpg
0.0884388,0.0578581,0.0947894,0.133686,0.17233,0.0746765,0.0680834,0.177696,0.132442,111552.jpg
0.0750355,0.0292358,0.0731035,0.132849,0.243215,0.0459443,0.0358308,0.235378,0.129408,111650.jpg
0.0870463,0.0538586,0.0883532,0.1315,0.191572,0.067415,0.0610479,0.17885,0.140357,111924.jpg
0.104241,0.0808417,0.102393,0.124489,0.143406,0.0936205,0.0854094,0.142704,0.122895,11287.jpg
0.088022,0.0333215,0.0763123,0.134758,0.225303,0.0572883,0.0496303,0.214758,0.120606,113083.jpg
0.0707375,0.0287763,0.0748397,0.134747,0.238933,0.0468781,0.0403,0.228231,0.136558,113243.jpg
0.0489011,0.0134887,0.0482408,0.138979,0.28692,0.0289112,0.0254657,0.278401,0.130693,113588.jpg
0.0773472,0.0271454,0.0704127,0.134694,0.238214,0.0505629,0.0420689,0.234325,0.12523,11370.jpg
0.073264,0.0183948,0.0595875,0.140674,0.267586,0.0443806,0.0368362,0.254639,0.104638,113791.jpg
0.0669291,0.0272855,0.0683394,0.136365,0.249856,0.0407971,0.0358352,0.232927,0.141666,113848.jpg
0.0966969,0.0586812,0.0910162,0.1304,0.173926,0.0794104,0.0734845,0.174932,0.121453,113913.jpg
0.087015,0.0466675,0.0838422,0.138808,0.197467,0.0670619,0.0600993,0.189667,0.129373,11400.jpg
0.0835324,0.0302536,0.0734432,0.13674,0.225178,0.0561651,0.0473583,0.225399,0.121931,114121.jpg
0.0775427,0.0385736,0.0761081,0.138325,0.219726,0.0528104,0.0501159,0.210135,0.136662,114136.jpg
0.0821939,0.0402354,0.086625,0.131744,0.214225,0.0603534,0.0512895,0.202985,0.130349,114317.jpg
0.0772846,0.0375132,0.0795011,0.137086,0.216003,0.055232,0.0478032,0.211444,0.138133,114326.jpg
0.0595337,0.0174771,0.0612293,0.140897,0.264015,0.038301,0.0326291,0.261646,0.124272,114353.jpg
0.0631674,0.025875,0.0663108,0.142213,0.247001,0.042373,0.0375543,0.23674,0.138766,114447.jpg
0.0728114,0.0316417,0.0735147,0.137559,0.221637,0.0544202,0.0479404,0.224443,0.136033,11473.jpg
0.0909363,0.0570677,0.0894399,0.133834,0.181767,0.0717169,0.0677014,0.177934,0.129603,114920.jpg
0.0845122,0.03615,0.0779206,0.146068,0.201889,0.064025,0.0554672,0.212518,0.12145,115128.jpg
0.070934,0.0376392,0.0779277,0.131673,0.231899,0.0488253,0.0461532,0.203548,0.151401,115235.jpg
0.0767587,0.0316787,0.0742386,0.139967,0.21635,0.0540275,0.0479226,0.226495,0.132561,115344.jpg
0.0865322,0.0532889,0.0884887,0.134146,0.186462,0.0695639,0.065295,0.183899,0.132324,115439.jpg
0.0689703,0.0309798,0.0741018,0.14028,0.230078,0.0477724,0.0411944,0.223857,0.142766,115696.jpg
0.0805091,0.0408658,0.084069,0.13743,0.206567,0.0612078,0.0529076,0.203146,0.133298,115780.jpg
0.0710559,0.0281969,0.0697667,0.132683,0.249174,0.0477535,0.040242,0.221908,0.13922,115886.jpg
0.0664891,0.021477,0.0631182,0.140764,0.250876,0.0431846,0.0380478,0.250796,0.125247,115911.jpg
0.0702611,0.0292,0.0732243,0.142199,0.22378,0.0532053,0.0474593,0.22734,0.133331,116689.jpg
0.0724464,0.0312664,0.0746518,0.131499,0.248578,0.0494514,0.0395407,0.21488,0.137687,11679.jpg
0.0743473,0.0270645,0.0721592,0.138457,0.23767,0.0494936,0.0419791,0.231855,0.126975,116902.jpg
0.0622531,0.025042,0.0724574,0.136441,0.259017,0.0404467,0.032105,0.233893,0.138345,117533.jpg
0.0613878,0.0288341,0.0736477,0.139886,0.239739,0.0422186,0.0348796,0.230587,0.148819,117550.jpg
0.0630322,0.0219249,0.06319,0.141458,0.249705,0.0420712,0.0355709,0.252424,0.130624,117674.jpg
0.0841865,0.0432671,0.0861981,0.135702,0.197453,0.0656633,0.0576785,0.195865,0.133987,117830.jpg
0.0836137,0.0424897,0.0827532,0.134183,0.203289,0.0603141,0.0505916,0.206868,0.135897,117923.jpg
0.0844722,0.0459179,0.0884624,0.134723,0.184687,0.0674716,0.0621385,0.194693,0.137434,118139.jpg
0.102933,0.0555286,0.0940002,0.131055,0.178603,0.0810276,0.0702863,0.167229,0.119337,118152.jpg
0.0795647,0.0381686,0.0805155,0.14094,0.20542,0.0597895,0.0535694,0.210252,0.13178,118398.jpg
0.107612,0.0592845,0.0956598,0.124494,0.173336,0.0806947,0.0701352,0.16775,0.121034,118529.jpg
0.0609258,0.0241157,0.0672447,0.1388,0.250921,0.040206,0.0347351,0.2433,0.139751,118986.jpg
0.0764656,0.0295962,0.0654206,0.143543,0.230341,0.053189,0.0464078,0.233249,0.121788,119051.jpg
0.0802213,0.0322913,0.0782119,0.137748,0.233612,0.0538989,0.0441694,0.214023,0.125824,11909.jpg
0.0657671,0.0208416,0.0596751,0.14413,0.248638,0.0419801,0.0362517,0.25925,0.123466,119130.jpg
0.0525885,0.01627,0.0521346,0.139153,0.281617,0.0306062,0.0258821,0.271813,0.129935,119246.jpg
0.0924314,0.0537757,0.088417,0.13238,0.193517,0.068779,0.0595157,0.182165,0.12902,119440.jpg
0.0661668,0.0228559,0.0643312,0.140768,0.251041,0.042665,0.0380661,0.25108,0.123026,119829.jpg
0.0766807,0.0275473,0.071663,0.14245,0.221861,0.0530896,0.0452647,0.237475,0.123968,119959.jpg
0.0754245,0.0330779,0.0791676,0.140145,0.216891,0.0578504,0.0494483,0.218022,0.129973,120577.jpg
0.0772544,0.0395797,0.0803389,0.135419,0.213351,0.0558134,0.0504817,0.205218,0.142544,120719.jpg
0.0811952,0.030701,0.0834019,0.132936,0.224106,0.0577586,0.0427241,0.224725,0.122452,120871.jpg
0.0760512,0.0299079,0.0699263,0.14165,0.225901,0.0509236,0.0466543,0.228878,0.130107,120876.jpg
0.0891877,0.0251966,0.0706007,0.136752,0.22897,0.0548056,0.0462644,0.238318,0.109904,120903.jpg
0.0800068,0.0415443,0.0822689,0.136624,0.204879,0.0620386,0.0549334,0.203109,0.134597,120916.jpg
0.0810922,0.0412716,0.0808615,0.135676,0.207387,0.0604803,0.0559933,0.200478,0.136759,120935.jpg
0.0733865,0.0287552,0.0734133,0.139196,0.226291,0.0527877,0.0445993,0.230794,0.130777,121291.jpg
0.0747603,0.0290162,0.0716732,0.143663,0.232269,0.0519418,0.0437203,0.225109,0.127847,121771.jpg
0.0645559,0.025045,0.0622739,0.140083,0.255684,0.0419012,0.0351682,0.239752,0.135536,121916.jpg
0.0837451,0.0417579,0.0786203,0.135305,0.207472,0.0583277,0.0519968,0.207193,0.135582,122005.jpg
0.0649991,0.0254897,0.0669632,0.143675,0.235673,0.0430688,0.0394429,0.242888,0.1378,122309.jpg
0.0827349,0.0413193,0.0816322,0.137472,0.21079,0.0628203,0.0563371,0.195616,0.131278,122394.jpg
0.0958503,0.0556732,0.0951616,0.129695,0.185894,0.0713096,0.0574622,0.178387,0.130567,122409.jpg
0.0910777,0.0501829,0.087559,0.136435,0.184317,0.072229,0.0670645,0.185517,0.125618,123088.jpg
0.0997924,0.0644929,0.0943199,0.128974,0.160509,0.0851106,0.0786188,0.165551,0.122631,123234.jpg
0.100919,0.0523993,0.0970288,0.128855,0.183244,0.0744513,0.0571575,0.179965,0.12598,123281.jpg
0.097176,0.0393739,0.089668,0.125815,0.218459,0.0645455,0.047987,0.196367,0.120609,123570.jpg
0.0689681,0.0182119,0.0559624,0.141863,0.252517,0.0398632,0.0335821,0.270965,0.118066,123617.jpg
0.0790837,0.0386408,0.0827753,0.13888,0.209728,0.0574454,0.0492663,0.206327,0.137853,123874.jpg
0.0733882,0.0308875,0.0738538,0.140185,0.230057,0.0510375,0.0443239,0.222671,0.133596,123912.jpg
0.100492,0.0808075,0.100772,0.124921,0.145888,0.0906683,0.087745,0.144166,0.12454,124026.jpg
0.0643858,0.0246295,0.0655162,0.139366,0.2538,0.0431687,0.0362808,0.23707,0.135783,124346.jpg
0.105857,0.0836327,0.10218,0.121542,0.141193,0.0953594,0.0914702,0.141175,0.117592,124350.jpg
0.0812978,0.0349932,0.0741007,0.14421,0.215488,0.0605181,0.054233,0.211974,0.123184,124493.jpg
0.0836754,0.0386189,0.0768004,0.138776,0.218778,0.0577297,0.0563457,0.203726,0.12555,124582.jpg
0.073006,0.0225501,0.0652478,0.139516,0.250264,0.0465916,0.0407891,0.240886,0.12115,124632.jpg
0.0803076,0.0376235,0.0785162,0.140209,0.212963,0.0574049,0.0513579,0.212158,0.129461,124644.jpg
0.0718224,0.0224266,0.0653295,0.136194,0.257116,0.0449236,0.0351696,0.243,0.124019,124749.jpg
0.0828854,0.0326098,0.0773806,0.134387,0.223089,0.054786,0.0471459,0.222324,0.125392,124990.jpg
0.0643536,0.0152308,0.0541397,0.142719,0.273026,0.0377513,0.0319765,0.272304,0.108499,124992.jpg
0.0801254,0.0393061,0.0868289,0.13159,0.217576,0.0581275,0.0456645,0.20112,0.139662,124996.jpg
0.0765677,0.0303557,0.072528,0.140029,0.232609,0.0502214,0.0413323,0.22592,0.130437,12502.jpg
0.0713149,0.0295012,0.0708408,0.14126,0.234487,0.0522517,0.0445036,0.2235,0.132341,125965.jpg
0.0872832,0.0636095,0.0960381,0.129024,0.178794,0.0742328,0.0662433,0.166466,0.138309,1262.jpg
0.0933858,0.054752,0.0889907,0.133187,0.183869,0.0728536,0.0671757,0.177867,0.127919,126359.jpg
0.0580137,0.0203019,0.0611095,0.13966,0.261001,0.0380736,0.0319102,0.25426,0.13567,126417.jpg
0.0806994,0.0335725,0.0785306,0.136199,0.222616,0.0532257,0.0460548,0.219911,0.129191,126449.jpg
0.0784983,0.0458586,0.085324,0.135686,0.201694,0.0595235,0.054151,0.196311,0.142953,12646.jpg
0.0773754,0.0316913,0.0764882,0.133478,0.226359,0.05416,0.0437915,0.224125,0.132532,126670.jpg
0.0687009,0.0258323,0.0676447,0.135284,0.25442,0.0405342,0.0360491,0.245943,0.125592,126699.jpg
0.0809648,0.0244831,0.0680042,0.137514,0.235348,0.0519246,0.0394646,0.242863,0.119434,126768.jpg
0.0876381,0.0370268,0.0787885,0.131968,0.215353,0.0615716,0.0542552,0.206745,0.126653,126858.jpg
0.094655,0.0661842,0.0972549,0.130057,0.169525,0.0815102,0.0750008,0.157163,0.12865,1270.jpg
0.07771,0.033399,0.0761181,0.138754,0.219938,0.0562726,0.0499903,0.219015,0.128803,127035.jpg
0.0503689,0.0144596,0.0549952,0.136004,0.293831,0.0291778,0.0244001,0.265572,0.131192,12718.jpg
0.0753666,0.0309346,0.0795531,0.134792,0.238911,0.0505203,0.0421677,0.219097,0.128658,127282.jpg
0.0854348,0.0342126,0.0761144,0.138868,0.215949,0.0584408,0.0524392,0.216334,0.122207,127318.jpg
0.0769205,0.0330312,0.0755341,0.137326,0.230315,0.0538639,0.0449102,0.216648,0.131451,12736.jpg
0.0711025,0.030975,0.0736418,0.137835,0.233949,0.0491691,0.0435949,0.227496,0.132237,12756.jpg
0.0715335,0.0259673,0.0671982,0.134497,0.24309,0.0473735,0.0420586,0.240788,0.127494,127629.jpg
0.0903336,0.0432967,0.0827265,0.135929,0.202227,0.0639577,0.0589104,0.198778,0.123841,127969.jpg
0.0709404,0.0242373,0.064693,0.140664,0.244756,0.0460731,0.0401512,0.241521,0.126965,128554.jpg
0.0796435,0.0340091,0.0754905,0.138465,0.225612,0.0545168,0.0476307,0.216335,0.128297,128663.jpg
0.0621299,0.0208606,0.0636976,0.14469,0.24483,0.0427608,0.0355955,0.253472,0.131964,128689.jpg
0.0750277,0.0409223,0.0846835,0.138994,0.21212,0.0566642,0.0492157,0.203789,0.138584,129243.jpg
0.0806938,0.0380707,0.0815312,0.137087,0.209308,0.0588098,0.0519971,0.211604,0.130898,129499.jpg
0.070168,0.0283353,0.0726761,0.138949,0.23991,0.0482681,0.0426176,0.230208,0.128869,129621.jpg
0.0725521,0.0293346,0.0772285,0.139248,0.226234,0.0499808,0.0366999,0.230091,0.138631,130112.jpg
0.0733849,0.0273131,0.0702661,0.13888,0.234096,0.0499722,0.040956,0.237005,0.128127,130312.jpg
0.106481,0.0838808,0.103624,0.121913,0.140912,0.0948648,0.0900697,0.141109,0.117146,130326.jpg
0.0640049,0.0175359,0.0583863,0.141502,0.262509,0.0390339,0.0324307,0.264692,0.119905,130600.jpg
0.0770363,0.0352303,0.0774371,0.136156,0.227883,0.0508835,0.0465878,0.221052,0.127734,131223.jpg
0.0702747,0.0324067,0.0715131,0.141707,0.22837,0.0488373,0.0446938,0.219858,0.142339,13161.jpg
0.06024,0.0203265,0.0624106,0.140332,0.264067,0.0370072,0.030289,0.245871,0.139456,131768.jpg
0.0729792,0.0298851,0.0711126,0.137398,0.233272,0.0547181,0.0461055,0.22442,0.13011,131788.jpg
0.0762016,0.0418121,0.085387,0.130676,0.223654,0.0579292,0.0465836,0.195031,0.142726,131848.jpg
0.0878101,0.0411636,0.0801791,0.138046,0.201127,0.0656646,0.0601339,0.199803,0.126073,131934.jpg
0.0551097,0.0141144,0.0524374,0.139263,0.284539,0.032616,0.0232291,0.273191,0.1255,132254.jpg
0.0708109,0.0393448,0.0817262,0.13623,0.213625,0.0553017,0.0498726,0.206062,0.147027,132764.jpg
0.0826518,0.0429797,0.0840107,0.134472,0.205591,0.0628545,0.0556212,0.192801,0.139017,133334.jpg
0.0680508,0.0209483,0.0613208,0.14259,0.250104,0.0435903,0.0387279,0.255334,0.119334,133502.jpg
0.0681721,0.0215696,0.0646971,0.14052,0.246666,0.0451361,0.0378296,0.248479,0.126931,133626.jpg
0.0556532,0.0173519,0.0557518,0.138874,0.267826,0.0353264,0.0295787,0.267233,0.132405,133761.jpg
0.083041,0.0368797,0.081962,0.136214,0.206345,0.0608658,0.0549746,0.212297,0.12742,133910.jpg
0.0711548,0.027988,0.0712179,0.136312,0.240711,0.0468701,0.0416767,0.231967,0.132103,134201.jpg
0.0697214,0.0238436,0.0689807,0.137164,0.237037,0.0441212,0.0360879,0.25221,0.130834,134210.jpg
0.0923619,0.0431219,0.0818704,0.141946,0.183818,0.0716651,0.0630172,0.199938,0.122262,134395.jpg
0.0677797,0.0293763,0.0704311,0.140083,0.243342,0.0465667,0.0407354,0.230051,0.131635,134436.jpg
0.0659624,0.0241416,0.0723275,0.138486,0.249631,0.0410888,0.034155,0.243664,0.130544,13480.jpg
0.0822721,0.0391261,0.0886414,0.133468,0.217521,0.0585901,0.044313,0.198583,0.137485,134929.jpg
0.0727263,0.0264912,0.0729182,0.136519,0.234978,0.0493562,0.0382725,0.236849,0.131889,135003.jpg
0.0813044,0.0364533,0.0789961,0.13997,0.219274,0.0588011,0.0501909,0.206779,0.128232,135073.jpg
0.0689207,0.0316901,0.0697419,0.139457,0.240275,0.0466797,0.0418434,0.218926,0.142466,135191.jpg
0.0655883,0.0204788,0.0629229,0.144405,0.243851,0.0451626,0.0380067,0.255858,0.123727,135471.jpg
0.0619104,0.0166169,0.0557637,0.141278,0.270618,0.03748,0.0314489,0.26654,0.118344,135546.jpg
0.0828278,0.0474573,0.0911288,0.133738,0.19652,0.0639655,0.0558434,0.192693,0.135826,135666.jpg
0.0732754,0.0347976,0.0741465,0.138427,0.227826,0.052763,0.0467425,0.214318,0.137704,135881.jpg
0.0958974,0.0717513,0.10064,0.126849,0.159493,0.0824359,0.075165,0.155967,0.131802,135896.jpg
0.0587064,0.0177928,0.0584837,0.144289,0.259781,0.0370459,0.0313462,0.264406,0.128149,13641.jpg
0.0700402,0.0314182,0.0795279,0.133868,0.250668,0.0485745,0.0402481,0.210991,0.134664,1367.jpg
0.104665,0.0723222,0.101037,0.127576,0.14757,0.0916845,0.0852805,0.150669,0.119196,136741.jpg
0.0836353,0.0440842,0.0836615,0.133915,0.205544,0.0623332,0.0548903,0.197604,0.134332,136962.jpg
0.078236,0.0356624,0.0802458,0.135584,0.2228,0.0553795,0.0459679,0.20812,0.138006,137298.jpg
0.0728214,0.0302652,0.0741476,0.141216,0.234578,0.050359,0.0426359,0.228549,0.125428,137577.jpg
0.0597546,0.0222222,0.0627401,0.141804,0.257676,0.0385468,0.0326706,0.246383,0.138202,137706.jpg
0.0768088,0.0426326,0.0852852,0.137524,0.20504,0.0618698,0.0525374,0.197083,0.141219,138235.jpg
0.0658122,0.0191125,0.0600934,0.139882,0.260375,0.0402183,0.03486,0.256005,0.123641,138308.jpg
0.0605083,0.0205856,0.0631432,0.138544,0.270632,0.0372034,0.0311895,0.249364,0.12883,138573.jpg
0.075909,0.0326328,0.0769774,0.1413,0.218646,0.056852,0.046073,0.217474,0.134137,138619.jpg
0.0823489,0.0354643,0.0795024,0.139305,0.211497,0.0586579,0.0505337,0.219358,0.123333,139100.jpg
0.0869167,0.0537537,0.0944864,0.135546,0.182498,0.0710272,0.0628554,0.180839,0.132078,139118.jpg
0.074317,0.0232098,0.0676363,0.139743,0.24994,0.0454026,0.0378234,0.246839,0.115089,139137.jpg
0.0666483,0.0235358,0.0652126,0.140926,0.247006,0.0422845,0.0370249,0.247408,0.129954,139511.jpg
0.0634819,0.0207372,0.0595581,0.137558,0.256966,0.0388709,0.0333234,0.262417,0.127087,139697.jpg
0.0720462,0.0227727,0.0623334,0.142278,0.250401,0.042032,0.0389341,0.249351,0.119852,13979.jpg
0.0704359,0.0325125,0.0686978,0.1377,0.23927,0.0500029,0.0449027,0.217234,0.139244,139941.jpg
0.0654275,0.0197329,0.061977,0.139675,0.256835,0.0405859,0.0344037,0.259007,0.122356,140087.jpg
0.0827519,0.0367683,0.0764989,0.136655,0.218905,0.0589295,0.052944,0.206998,0.129551,140169.jpg
0.0672712,0.031621,0.0727438,0.137007,0.236156,0.0461582,0.0403635,0.225144,0.143535,140266.jpg
0.0552074,0.0194366,0.0597625,0.141041,0.267557,0.0359065,0.0308419,0.25897,0.131276,140463.jpg
0.0725378,0.0260048,0.0671307,0.145342,0.233205,0.0456202,0.0402027,0.241514,0.128443,140571.jpg
0.0806254,0.0513866,0.0907107,0.13641,0.190711,0.0637292,0.054994,0.188161,0.143272,141036.jpg
0.0705887,0.0227624,0.0633994,0.142093,0.247283,0.0428356,0.0369743,0.250831,0.123233,141301.jpg
0.0757157,0.0364135,0.0806818,0.138435,0.211928,0.0574736,0.0502523,0.209339,0.139761,141317.jpg
0.072613,0.0255276,0.0697732,0.140242,0.235977,0.0498739,0.041692,0.240535,0.123766,141346.jpg
0.069686,0.0300628,0.0655729,0.143222,0.241712,0.0429764,0.039618,0.23141,0.13574,141466.jpg
0.0821017,0.0458904,0.0809248,0.139795,0.203946,0.0607489,0.0552664,0.197944,0.133383,141496.jpg
0.0674342,0.0252489,0.0684568,0.137032,0.246615,0.0448183,0.0386312,0.239348,0.132415,141597.jpg
0.057528,0.0147881,0.0527424,0.143222,0.274093,0.0359173,0.0270882,0.275975,0.118646,141606.jpg
0.0782403,0.0389934,0.0838849,0.139958,0.207557,0.0599378,0.0520707,0.204029,0.135329,14175.jpg
0.0631586,0.0239014,0.0625261,0.133035,0.262839,0.0409834,0.0363381,0.240227,0.136991,141999.jpg
0.081208,0.0440513,0.0839472,0.137987,0.201828,0.0628763,0.0561848,0.19802,0.133898,142185.jpg
0.0976042,0.0683322,0.0970896,0.130799,0.154695,0.0859417,0.080326,0.161542,0.12367,142512.jpg
0.0706868,0.0243592,0.0667117,0.140127,0.247478,0.043691,0.0378199,0.24356,0.125565,142776.jpg
0.0734391,0.0354858,0.0761781,0.141382,0.221431,0.0532139,0.0478976,0.211971,0.139002,14283.jpg
0.0773453,0.0256553,0.0674231,0.140881,0.242852,0.0515082,0.0427957,0.235256,0.116283,143182.jpg
0.0719685,0.0339918,0.0795396,0.136337,0.222792,0.054531,0.0449915,0.21656,0.139289,143445.jpg
0.103737,0.0411368,0.0873588,0.132862,0.196736,0.0736825,0.0557118,0.190803,0.117972,143730.jpg
0.0763875,0.0376516,0.080633,0.141239,0.213856,0.0581971,0.0519417,0.205815,0.13428,144039.jpg
0.0826297,0.0485815,0.0843459,0.137496,0.202741,0.0614802,0.0555226,0.188888,0.138316,144040.jpg
0.0635328,0.0301802,0.0670033,0.138101,0.246611,0.042954,0.0374268,0.226773,0.147418,144312.jpg
0.0861058,0.0431717,0.0857493,0.136832,0.202029,0.0652812,0.0514714,0.195349,0.134011,144826.jpg
0.0847678,0.0206824,0.0630047,0.131685,0.246614,0.0454407,0.0348448,0.249512,0.123448,1449.jpg
0.0648621,0.0312395,0.0720594,0.134056,0.246606,0.0415053,0.0392944,0.223099,0.147278,144900.jpg
0.0816442,0.0508699,0.0874393,0.136661,0.1917,0.0638578,0.0582293,0.187428,0.142171,144982.jpg
0.0767191,0.0296434,0.0736301,0.137301,0.227739,0.0514901,0.0453771,0.227862,0.130238,145108.jpg
0.0801528,0.0538376,0.0844126,0.134862,0.202839,0.0613061,0.0598624,0.179733,0.142994,145778.jpg
0.0599559,0.021196,0.0637984,0.140206,0.264062,0.0383134,0.0322259,0.250007,0.130236,145834.jpg
0.0775764,0.0326733,0.0762541,0.139724,0.228081,0.0548912,0.0465191,0.218746,0.125535,145960.jpg
0.0742749,0.0359033,0.0764024,0.140543,0.21679,0.0538306,0.0476691,0.216287,0.138299,146085.jpg
0.0609147,0.0207755,0.0591464,0.1423,0.261347,0.0385141,0.0323965,0.25274,0.131866,146161.jpg
0.0584309,0.0151741,0.0530429,0.14754,0.266526,0.0355796,0.0307071,0.273896,0.119104,146358.jpg
0.0814395,0.0435767,0.0773523,0.140796,0.21642,0.0595495,0.0550465,0.196237,0.129583,146463.jpg
0.0720121,0.0211662,0.0615634,0.13046,0.270785,0.0436602,0.0342247,0.237047,0.129082,146761.jpg
0.080549,0.0341996,0.0847862,0.129906,0.224965,0.0557045,0.0423862,0.215683,0.131821,146801.jpg
0.070101,0.031736,0.0751729,0.133827,0.236324,0.0487866,0.0421409,0.224955,0.136956,146817.jpg
0.0871717,0.036126,0.0759491,0.138816,0.216439,0.0592883,0.0537483,0.211452,0.121009,14688.jpg
0.053146,0.0160407,0.0523075,0.143929,0.274593,0.0327604,0.0282903,0.26689,0.132044,146979.jpg
0.0815055,0.0381057,0.0781758,0.142535,0.202827,0.0630774,0.0575573,0.209008,0.127208,147275.jpg
0.0920347,0.0406511,0.0843598,0.131163,0.206461,0.0644119,0.0524044,0.20544,0.123073,147367.jpg
0.0838421,0.0528632,0.0897683,0.134439,0.18507,0.067215,0.0613023,0.183945,0.141556,147672.jpg
0.0808896,0.0449705,0.086431,0.133941,0.205152,0.0600806,0.0550743,0.198438,0.135023,147953.jpg
0.0732046,0.0285646,0.0709117,0.142738,0.231577,0.0521783,0.0446079,0.230941,0.125277,148384.jpg
0.0807864,0.0360295,0.0780714,0.139528,0.208024,0.0613414,0.0543077,0.216159,0.125753,148644.jpg
0.0637483,0.0230377,0.0703305,0.136828,0.262658,0.0396433,0.0295631,0.241956,0.132235,148654.jpg
0.111745,0.0673294,0.107672,0.113962,0.167611,0.0831809,0.0601802,0.158638,0.129682,148853.jpg
0.0748251,0.0281888,0.0745896,0.135449,0.241335,0.0514142,0.0400421,0.226404,0.127753,14902.jpg
0.0736401,0.0292324,0.0721382,0.136173,0.245137,0.0475887,0.0429204,0.218001,0.135169,149175.jpg
0.0790843,0.0326254,0.0753057,0.13888,0.227146,0.0574898,0.0499062,0.215278,0.124285,149493.jpg
0.0681688,0.0317254,0.0719394,0.135369,0.247937,0.0458232,0.0424523,0.218935,0.13765,150053.jpg
0.081199,0.0381507,0.0802785,0.139622,0.208032,0.0601393,0.0535331,0.21033,0.128716,150373.jpg
0.0636369,0.0254118,0.0662693,0.138298,0.252571,0.0423105,0.0353985,0.235751,0.140353,150466.jpg
0.0702689,0.0281897,0.0663522,0.140979,0.250025,0.0458427,0.0397604,0.225573,0.133009,150683.jpg
0.080813,0.0319387,0.07412,0.14095,0.214664,0.0563093,0.048789,0.226668,0.125748,151010.jpg
0.0742656,0.0401622,0.0821225,0.135461,0.222579,0.0551992,0.0445529,0.201815,0.143843,151236.jpg
0.0678892,0.0195986,0.0622677,0.140116,0.252623,0.0425916,0.0351068,0.263211,0.116596,151297.jpg
0.0870387,0.0326872,0.0736482,0.134858,0.220196,0.0565823,0.048243,0.221881,0.124865,151305.jpg
0.0616325,0.0232669,0.0653074,0.138181,0.258481,0.0396201,0.03272,0.240833,0.139958,151333.jpg
0.0868761,0.0566902,0.089386,0.134805,0.187633,0.0705462,0.0625821,0.17443,0.137051,151418.jpg
0.0918301,0.0548077,0.0956808,0.128515,0.178323,0.0742056,0.0640013,0.176863,0.135775,151461.jpg
0.0606493,0.0244124,0.0655915,0.141953,0.244821,0.0420742,0.0361413,0.241064,0.143294,151510.jpg
0.0733147,0.0344968,0.0765675,0.136554,0.228688,0.0513754,0.0446977,0.217019,0.137287,151544.jpg
0.0777093,0.0381797,0.0754795,0.135994,0.221809,0.0533928,0.0466656,0.212648,0.138122,151560.jpg
0.0851918,0.0469674,0.0898631,0.134684,0.19997,0.06656,0.054088,0.187428,0.135247,151854.jpg
0.0784464,0.0377366,0.0829995,0.131517,0.221529,0.057621,0.0469052,0.204225,0.13902,151885.jpg
0.0779701,0.0292172,0.0719535,0.143807,0.224983,0.055521,0.0471832,0.226472,0.122894,151893.jpg
0.0765215,0.0297655,0.075685,0.137887,0.221812,0.052963,0.0453439,0.230166,0.129856,151923.jpg
0.0812101,0.0323259,0.0784594,0.140841,0.217147,0.0548575,0.04819,0.221348,0.125621,151998.jpg
0.0695016,0.023314,0.0661798,0.141342,0.244402,0.0438007,0.0371813,0.247537,0.126742,152033.jpg
0.0954982,0.0623373,0.0917972,0.129712,0.185023,0.0706972,0.0657165,0.166005,0.133214,152090.jpg
0.097911,0.0817217,0.103885,0.12409,0.153742,0.0843479,0.0792027,0.145179,0.129921,152647.jpg
0.0846513,0.0479367,0.0887729,0.132376,0.192697,0.0649216,0.0592851,0.191052,0.138307,152712.jpg
0.0797859,0.0380364,0.0821567,0.135432,0.210262,0.0592156,0.0511202,0.211865,0.132127,152728.jpg
0.0731484,0.0267273,0.0655151,0.144804,0.242174,0.046543,0.0422636,0.232114,0.126711,152755.jpg
0.0748312,0.0263176,0.0684501,0.139082,0.231536,0.0510482,0.041683,0.239762,0.12729,152998.jpg
0.085877,0.0366176,0.0798681,0.13765,0.210657,0.0639624,0.0558323,0.204848,0.124687,153038.jpg
0.0812403,0.0377716,0.0814618,0.139806,0.222657,0.0581444,0.0495324,0.202309,0.127078,153768.jpg
0.0704438,0.0260112,0.0651735,0.142332,0.247221,0.0458774,0.0409927,0.239015,0.122933,154053.jpg
0.0808683,0.0358136,0.0774043,0.14388,0.200025,0.0609375,0.0531409,0.219208,0.128722,154133.jpg
0.0716072,0.0320108,0.0720669,0.137969,0.242114,0.0496579,0.0414355,0.216973,0.136166,154311.jpg
0.0744622,0.0296568,0.0709237,0.137431,0.225951,0.0492537,0.0452096,0.232673,0.134439,154464.jpg
0.0770734,0.0379105,0.0834076,0.136471,0.207672,0.057667,0.0504108,0.210642,0.138747,154664.jpg
0.0770726,0.0437614,0.0847521,0.133934,0.215335,0.058167,0.0486187,0.197444,0.140916,155207.jpg
0.0973939,0.0525009,0.0889528,0.133021,0.180472,0.0772974,0.0719374,0.177776,0.120649,155343.jpg
0.0802756,0.0252604,0.0671531,0.140125,0.245211,0.0509847,0.0397296,0.233132,0.118128,155393.jpg
0.0750241,0.0297284,0.0735501,0.141656,0.227628,0.0525444,0.044438,0.225188,0.130243,15544.jpg
0.0902786,0.0492706,0.0862567,0.134503,0.189677,0.0710612,0.0631544,0.188854,0.126945,155833.jpg
0.10572,0.0689337,0.104096,0.124039,0.158668,0.0875428,0.0683743,0.155423,0.127202,156028.jpg
0.0704167,0.0362717,0.0773022,0.135117,0.235647,0.0522877,0.0442878,0.207264,0.141406,156474.jpg
0.0632477,0.0259792,0.0683894,0.136514,0.253127,0.0422788,0.0332987,0.230035,0.14713,156674.jpg
0.0964247,0.0535228,0.0959789,0.128265,0.183671,0.0767744,0.0643018,0.175425,0.125637,157012.jpg
0.0671879,0.0198424,0.058181,0.132823,0.266515,0.0380468,0.0340244,0.257049,0.12633,157922.jpg
0.0964463,0.0587768,0.0936709,0.131014,0.172171,0.0777068,0.0714095,0.172302,0.126502,158144.jpg
0.0734855,0.0247731,0.0674531,0.138124,0.254789,0.0461591,0.0389184,0.234635,0.121663,158463.jpg
0.0814786,0.0339941,0.0748158,0.142122,0.208696,0.0607683,0.053286,0.218408,0.126432,158905.jpg
0.0790977,0.0262027,0.068236,0.143569,0.226036,0.0525669,0.0466224,0.23881,0.11886,15909.jpg
0.0613244,0.0169349,0.0540865,0.145145,0.260439,0.0377147,0.0319533,0.27264,0.119763,15911.jpg
0.101539,0.0781796,0.101268,0.123333,0.14534,0.0927984,0.0893489,0.146882,0.121311,159673.jpg
0.0638322,0.0208303,0.0602578,0.145834,0.246684,0.0425224,0.0355935,0.259117,0.12533,159904.jpg
0.0791898,0.0324132,0.0730609,0.138537,0.215905,0.0564324,0.0496751,0.227989,0.126796,159987.jpg
0.0864719,0.0383649,0.0799557,0.137195,0.212118,0.0651497,0.0521059,0.205211,0.123428,160226.jpg
0.0868938,0.0428992,0.0797332,0.137049,0.210397,0.0622179,0.0540173,0.200049,0.126743,160341.jpg
0.0836811,0.0473378,0.0854181,0.131789,0.20905,0.0601303,0.0485051,0.189353,0.144736,160353.jpg
0.0853622,0.0589144,0.0937892,0.130532,0.181674,0.0681624,0.0623024,0.178321,0.140942,160597.jpg
0.0823727,0.0423409,0.0843273,0.141691,0.195377,0.0644967,0.0590935,0.200234,0.130067,160829.jpg
0.0844879,0.0468646,0.082697,0.135366,0.21567,0.0583209,0.0545448,0.186685,0.135364,160912.jpg
0.0698746,0.0262601,0.071338,0.127821,0.265949,0.0440945,0.0344045,0.223281,0.136977,161359.jpg
0.0569671,0.0203744,0.0626837,0.143686,0.251988,0.0389644,0.0324779,0.255814,0.137044,161578.jpg
0.087432,0.0476215,0.0910868,0.133432,0.186572,0.0701288,0.0591752,0.193585,0.130967,161780.jpg
0.072697,0.0330691,0.0713381,0.139659,0.231351,0.0504195,0.0446689,0.222094,0.134704,162114.jpg
0.0695435,0.0317117,0.0711727,0.14274,0.235423,0.0475364,0.0429218,0.219655,0.139296,162145.jpg
0.0731292,0.0288682,0.0726567,0.141325,0.23254,0.0486681,0.0423188,0.232786,0.127708,16257.jpg
0.0927488,0.0586881,0.0912696,0.134149,0.172637,0.0784592,0.0730345,0.171075,0.127938,16282.jpg
0.0552813,0.0137327,0.0513267,0.136404,0.282525,0.0325144,0.0273148,0.280959,0.119942,163094.jpg
0.0791985,0.0333834,0.0776185,0.144241,0.214457,0.0577547,0.0505453,0.218062,0.124739,16327.jpg
0.0862199,0.0401249,0.0807264,0.13902,0.202291,0.0621647,0.0577046,0.206966,0.124782,163415.jpg
0.064097,0.0257138,0.0622496,0.145314,0.259079,0.043671,0.0374941,0.22929,0.13309,163882.jpg
0.0718877,0.0344655,0.074,0.141953,0.221153,0.053197,0.049986,0.21442,0.138939,164122.jpg
0.0784968,0.0403797,0.0811822,0.136606,0.213204,0.0593173,0.0543961,0.201239,0.135179,164123.jpg
0.0651115,0.0217636,0.062148,0.139504,0.247592,0.041746,0.0358159,0.259091,0.127228,164393.jpg
0.0736799,0.0145926,0.057455,0.129834,0.277064,0.0405593,0.0250219,0.273913,0.107881,164553.jpg
0.0741598,0.028929,0.0656507,0.146138,0.232725,0.0505508,0.0468067,0.227519,0.127521,164751.jpg
0.093845,0.0309943,0.0735006,0.133963,0.239766,0.0597492,0.0484287,0.206437,0.113317,164766.jpg
0.0903358,0.0464199,0.0890985,0.131621,0.195474,0.0662748,0.0582609,0.195345,0.12717,164989.jpg
0.0865344,0.0230558,0.074907,0.119126,0.256101,0.0486301,0.0268476,0.240099,0.124699,165012.jpg
0.0893201,0.0512854,0.0862823,0.133669,0.193658,0.0705389,0.0604204,0.182467,0.132359,165090.jpg
0.0865524,0.0378562,0.0757714,0.138411,0.216951,0.0598942,0.0548963,0.208341,0.121326,165556.jpg
0.0680726,0.0199031,0.0587535,0.142728,0.257923,0.0427751,0.0388245,0.252315,0.118706,16586.jpg
0.101441,0.0476798,0.103103,0.125436,0.186907,0.0759302,0.0583498,0.179857,0.121297,166251.jpg
0.0858546,0.025438,0.0673883,0.14171,0.228371,0.0569325,0.0443125,0.237322,0.112671,166376.jpg
0.0769482,0.0407567,0.0854671,0.135472,0.204959,0.0612012,0.0533305,0.202872,0.138992,166432.jpg
0.0635454,0.026804,0.0719606,0.142296,0.239204,0.0445009,0.0398817,0.233677,0.138131,166659.jpg
0.0789921,0.0430571,0.0821795,0.139148,0.201033,0.0607077,0.0534343,0.203386,0.138062,166954.jpg
0.0730261,0.0350635,0.0748397,0.141146,0.221458,0.0559826,0.0489055,0.216139,0.13344,167077.jpg
0.0851336,0.0319807,0.0716552,0.137614,0.22857,0.0561924,0.048532,0.218403,0.121919,167099.jpg
0.083175,0.0318469,0.0750872,0.133945,0.229676,0.0581684,0.0486626,0.214725,0.124714,167100.jpg
0.07519,0.0245385,0.0687576,0.138196,0.246851,0.048061,0.0396977,0.241052,0.117655,167101.jpg
0.0742595,0.0460008,0.0803032,0.134189,0.209777,0.0578454,0.0502305,0.197273,0.150121,167179.jpg
0.0993089,0.0763184,0.0986122,0.126126,0.152578,0.0885097,0.0835483,0.150044,0.124954,167225.jpg
0.0630824,0.0198109,0.0564711,0.142884,0.262815,0.0395246,0.03425,0.259085,0.122077,167922.jpg
0.0853146,0.0484579,0.0837094,0.139087,0.188884,0.0689768,0.0625833,0.189574,0.133412,168491.jpg
0.0855129,0.0341338,0.0785811,0.139082,0.212333,0.060458,0.0530229,0.217297,0.11958,168495.jpg
0.0731952,0.0326837,0.0757234,0.144783,0.219875,0.0513307,0.0446507,0.220708,0.137052,168533.jpg
0.0784286,0.0325889,0.0760858,0.140795,0.218809,0.0553806,0.0492836,0.219428,0.1292,168561.jpg
0.0755372,0.0237915,0.0643487,0.135278,0.250118,0.0465388,0.0388479,0.244686,0.120854,169108.jpg
0.0690418,0.0235014,0.0672392,0.140309,0.245904,0.0454244,0.0386313,0.247647,0.122303,169116.jpg
0.0783457,0.0313017,0.0800342,0.139022,0.231371,0.0529608,0.0461766,0.212975,0.127812,169422.jpg
0.071965,0.0264254,0.0680298,0.139058,0.242749,0.0461379,0.0397894,0.235279,0.130566,169609.jpg
0.0922966,0.0534096,0.0938052,0.131427,0.178713,0.0738451,0.0655481,0.181203,0.129751,169816.jpg
0.0789421,0.0338163,0.0746712,0.139093,0.215196,0.057442,0.0502196,0.219724,0.130896,169891.jpg
0.0862356,0.0424004,0.0830103,0.136125,0.198441,0.0639372,0.0584712,0.20231,0.129069,170132.jpg
0.0880644,0.0422523,0.0813853,0.140428,0.192918,0.0681925,0.0622621,0.20022,0.124278,170268.jpg
0.0752281,0.0402179,0.0841904,0.135698,0.212697,0.055086,0.0502878,0.208024,0.138571,170272.jpg
0.0941132,0.0473656,0.0874566,0.134125,0.189637,0.0715847,0.0658173,0.186758,0.123143,170539.jpg
0.0825111,0.0445579,0.0848023,0.137903,0.199525,0.0655214,0.056035,0.194076,0.135068,170708.jpg
0.067476,0.0284471,0.0670098,0.140279,0.244124,0.0441268,0.0396487,0.22988,0.139008,170725.jpg
0.09529,0.0676889,0.0923026,0.126123,0.174802,0.0748937,0.0733976,0.161544,0.133958,170811.jpg
0.0772309,0.0317184,0.0717499,0.142722,0.22683,0.0541665,0.0485811,0.220741,0.126261,170986.jpg
0.0698838,0.025141,0.066643,0.137177,0.249163,0.0459474,0.0383469,0.241453,0.126245,17129.jpg
0.0849882,0.0322966,0.0753078,0.131977,0.242627,0.0503187,0.04272,0.218632,0.121133,171325.jpg
0.0655899,0.026989,0.0680261,0.14145,0.233855,0.0446711,0.0378072,0.241006,0.140605,171501.jpg
0.0942377,0.0622679,0.0934548,0.131573,0.164919,0.0821477,0.0757949,0.168539,0.127065,172091.jpg
0.0737998,0.026729,0.0701469,0.144817,0.230905,0.0502441,0.043934,0.234834,0.12459,172121.jpg
0.0909301,0.050385,0.0822208,0.138182,0.190758,0.0704412,0.0671879,0.185126,0.124769,17226.jpg
0.07445,0.0283304,0.0701628,0.140732,0.234372,0.0505503,0.0450311,0.22938,0.12699,172504.jpg
0.08481,0.0498094,0.0872202,0.134722,0.192548,0.067068,0.0613803,0.188217,0.134226,17253.jpg
0.0853266,0.0456133,0.0852114,0.138634,0.19061,0.0661651,0.0610673,0.194818,0.132554,172847.jpg
0.073534,0.031209,0.0705475,0.146479,0.223199,0.0547199,0.0496086,0.221496,0.129207,173238.jpg
0.0856416,0.0379188,0.0843513,0.137503,0.20117,0.0630618,0.0558199,0.209844,0.12469,173491.jpg
0.0879577,0.0746219,0.102743,0.126018,0.168128,0.0683686,0.0561579,0.15854,0.157465,173584.jpg
0.0706898,0.0320297,0.0713921,0.136052,0.242581,0.05026,0.0410682,0.217061,0.138866,173757.jpg
0.0670293,0.0282612,0.0692278,0.138307,0.244601,0.0452157,0.0401832,0.229723,0.137451,173786.jpg
0.0884887,0.0424308,0.0807544,0.139843,0.208659,0.0617491,0.0584283,0.196637,0.12301,173884.jpg
0.0852722,0.0393958,0.0803166,0.136092,0.218593,0.0605059,0.0535367,0.200453,0.125835,174068.jpg
0.08737,0.0453062,0.0863949,0.135331,0.192594,0.0682617,0.0642427,0.191968,0.128532,174186.jpg
0.0767629,0.0401977,0.0805098,0.138747,0.208545,0.0585736,0.051908,0.20609,0.138665,174387.jpg
0.0640406,0.0276984,0.071929,0.132838,0.25232,0.0418048,0.0356368,0.228497,0.145236,174907.jpg
0.0983811,0.0480497,0.096704,0.131557,0.174034,0.0750115,0.0621487,0.192281,0.121832,174956.jpg
0.0645033,0.0141415,0.0542216,0.143308,0.267858,0.0362064,0.0293455,0.281735,0.108681,175208.jpg
0.0778447,0.0340838,0.0723659,0.144522,0.216141,0.0573014,0.0514012,0.216496,0.129844,175365.jpg
0.0882693,0.0528589,0.091243,0.132613,0.189931,0.0695826,0.0642077,0.183233,0.128063,175417.jpg
0.0648195,0.0235828,0.0653076,0.147699,0.23968,0.0431196,0.0366149,0.248091,0.131085,175447.jpg
0.0948009,0.0390229,0.0788503,0.139471,0.202774,0.0666272,0.0611631,0.205604,0.111686,175600.jpg
0.0702583,0.0292755,0.0693434,0.138041,0.241337,0.046228,0.0406258,0.228124,0.136767,175631.jpg
0.0686359,0.0249687,0.067349,0.138189,0.250939,0.0441801,0.0373316,0.232712,0.135695,17576.jpg
0.0699714,0.0322238,0.0767448,0.136106,0.243433,0.0474244,0.0377934,0.207538,0.148765,17602.jpg
0.0738902,0.0276382,0.0727835,0.141243,0.237407,0.049078,0.0422168,0.233283,0.12246,176108.jpg
0.0734344,0.0313247,0.0684247,0.142457,0.229526,0.0506074,0.0465228,0.225116,0.132587,176528.jpg
0.0683683,0.0265613,0.0705803,0.139287,0.234505,0.0472386,0.0405237,0.239956,0.13298,176535.jpg
0.0732104,0.0335137,0.0744751,0.139387,0.219583,0.0522879,0.0462411,0.221978,0.139324,176549.jpg
0.0647729,0.0268523,0.0728481,0.139893,0.237351,0.0457107,0.0407375,0.2331,0.138735,177162.jpg
0.0709837,0.0330803,0.0761896,0.135104,0.226569,0.0523692,0.0471078,0.219593,0.139003,177591.jpg
0.0833291,0.044751,0.0855611,0.140526,0.192752,0.0620546,0.0554412,0.1973,0.138286,177626.jpg
0.0737634,0.0332244,0.0739381,0.140929,0.224277,0.0529041,0.0462133,0.217958,0.136792,177641.jpg
0.0759201,0.0359943,0.0794252,0.136782,0.220872,0.0536594,0.0459569,0.215912,0.135478,177880.jpg
